34
37
28
16
44
36
37
43
50
22
13
28
41
10
14
27
41
27
23
37
12
19
18
30
33
31
13
24
18
36
30
3
23
9
20
18
44
7
12
43
30
24
22
20
35
38
49
25
16
21
14
27
42
31
7
24
13
21
47
32
6
26
35
28
37
6
47
30
14
8
25
46
33
46
15
18
35
15
44
1
38
9
27
29
39
35
4
2
5
50
33
11
27
19
40
13
27
37
45
40
46
21
35
29
18
2
48
3
18
43
3
7
2
31
37
42
16
40
45
20
41
30
32
18
48
22
32
26
10
28
18
7
48
4
37
16
7
34
20
25
29
22
33
30
4
20
21
19
9
16
41
50
47
24
19
46
47
2
22
6
30
39
15
29
42
1
44
1
35
15
25
15
38
7
44
42
28
16
10
37
33
2
38
29
26
8
25
22
9
46
30
38
36
44
19
29
44
12
29
30
27
5
44
14
14
39
7
