34
37
28
16
44
36
37
43
50
22
13
28
41
10
14
27
41
27
23
37
12
19
18
30
33
31
13
24
18
36
30
3
23
9
20
18
44
7
12
43
30
24
22
20
35
38
49
25
16
21
14
27
42
31
7
24
13
21
47
32
6
26
35
28
37
6
47
30
14
8
25
46
33
46
15
18
35
15
44
1
38
9
27
29
39
35
4
2
5
50
33
11
27
19
40
13
27
37
45
40
46
21
35
29
18
2
48
3
18
43
3
7
2
31
37
42
16
40
45
20
41
30
32
18
48
22
32
26
10
28
18
7
48
4
37
16
7
34
20
25
29
22
33
30
4
20
21
19
9
16
41
50
47
24
19
46
47
2
22
6
30
39
15
29
42
1
44
1
35
15
25
15
38
7
44
42
28
16
10
37
33
2
38
29
26
8
25
22
9
46
30
38
36
44
19
29
44
12
29
30
27
5
44
14
14
39
7
41
5
19
29
39
20
18
18
47
25
44
21
34
41
50
23
26
45
41
6
40
5
37
20
33
43
15
48
8
6
5
49
12
23
29
50
44
47
19
41
23
12
11
6
2
12
31
29
6
21
37
45
27
23
16
9
17
33
9
25
38
13
25
1
37
3
50
30
1
19
22
24
32
32
31
34
45
11
14
50
32
50
47
10
24
14
19
41
46
27
17
35
41
41
35
27
43
37
8
46
7
30
19
38
13
49
23
10
10
37
11
43
38
7
2
14
23
22
6
20
50
22
5
40
12
41
18
6
29
28
1
35
9
21
25
23
20
47
32
31
35
43
23
23
1
26
36
23
50
41
43
49
14
49
41
25
41
10
32
20
37
33
6
45
5
30
20
24
27
1
6
11
43
30
35
44
6
22
18
5
14
12
5
27
10
45
3
3
7
35
22
43
19
29
40
23
9
9
49
37
9
4
49
4
34
34
49
41
5
18
47
19
30
1
47
39
48
50
41
4
34
14
48
4
43
37
26
3
47
26
39
8
30
37
11
15
22
11
5
29
28
1
49
7
3
45
48
50
44
40
3
29
4
1
